id,source,sentiment,compound,pos,neu,neg
1,Quora,negative,-0.9798,0.088,0.731,0.181
2,Quora,positive,0.6124,0.125,0.875,0.0
3,Quora,negative,-0.7652,0.046,0.889,0.064
4,Quora,positive,0.8587,0.127,0.873,0.0
5,Quora,positive,0.9097,0.159,0.82,0.021
6,Quora,positive,0.988,0.153,0.806,0.041
7,Quora,negative,-0.6541,0.074,0.805,0.121
8,Quora,positive,0.8175,0.059,0.908,0.032
9,Quora,negative,-0.921,0.044,0.853,0.103
10,Quora,negative,-0.9707,0.067,0.811,0.122
11,Quora,neutral,0.0,0.0,1.0,0.0
12,Quora,negative,-0.6971,0.051,0.808,0.141
13,Quora,positive,0.3832,0.052,0.948,0.0
14,Quora,positive,0.9755,0.172,0.812,0.016
15,Quora,positive,0.7572,0.182,0.778,0.04
16,Quora,positive,0.8318,0.066,0.894,0.04
17,Quora,positive,0.9786,0.071,0.914,0.014
18,Quora,positive,0.9887,0.163,0.804,0.033
19,Quora,positive,0.9359,0.219,0.736,0.045
20,Quora,positive,0.9201,0.077,0.923,0.0
21,Quora,neutral,0.0,0.0,1.0,0.0
22,Quora,positive,0.9091,0.202,0.693,0.104
23,Quora,positive,0.1395,0.044,0.925,0.031
24,Quora,positive,0.8514,0.218,0.741,0.041
25,Quora,negative,-0.4932,0.0,0.944,0.056
26,Quora,negative,-0.2617,0.0,0.98,0.02
27,Quora,positive,0.909,0.128,0.81,0.063
28,Quora,positive,0.9069,0.103,0.826,0.071
29,Quora,positive,0.5618,0.092,0.855,0.053
30,Quora,positive,0.6747,0.052,0.948,0.0
31,Quora,positive,0.7506,0.068,0.932,0.0
32,Quora,positive,0.9673,0.256,0.72,0.024
33,Quora,positive,0.9831,0.122,0.856,0.023
34,Quora,positive,0.818,0.156,0.801,0.043
35,Quora,positive,0.9156,0.156,0.799,0.045
36,Quora,positive,0.9451,0.342,0.658,0.0
37,Quora,positive,0.8979,0.294,0.678,0.029
38,Quora,positive,0.4767,0.072,0.897,0.031
39,Quora,positive,0.9735,0.356,0.6,0.044
40,Quora,neutral,0.0498,0.104,0.809,0.087
41,Quora,positive,0.9868,0.114,0.852,0.035
42,Quora,positive,0.899,0.125,0.875,0.0
43,Quora,negative,-0.6344,0.158,0.61,0.233
44,Quora,positive,0.8624,0.119,0.827,0.054
45,Quora,positive,0.6494,0.173,0.741,0.086
46,Quora,positive,0.9977,0.222,0.767,0.011
47,Quora,positive,0.9978,0.274,0.708,0.018
48,Quora,positive,0.8625,0.081,0.902,0.017
49,Quora,positive,0.5719,0.084,0.916,0.0
50,Quora,positive,0.4939,0.033,0.967,0.0
51,Quora,positive,0.8995,0.11,0.865,0.025
52,Quora,positive,0.711,0.085,0.878,0.037
53,Quora,positive,0.25,0.072,0.862,0.066
54,Quora,negative,-0.1298,0.055,0.884,0.062
55,Quora,positive,0.9928,0.152,0.829,0.018
56,Quora,positive,0.8402,0.191,0.761,0.047
57,Quora,positive,0.8625,0.266,0.68,0.054
58,Quora,positive,0.5994,0.096,0.904,0.0
59,Quora,positive,0.9704,0.128,0.872,0.0
60,Quora,positive,0.9925,0.156,0.844,0.0
61,Quora,positive,0.984,0.105,0.867,0.027
62,Quora,positive,0.9874,0.215,0.785,0.0
63,Quora,positive,0.9986,0.19,0.803,0.007
64,Quora,positive,0.1725,0.131,0.766,0.103
65,Quora,positive,0.9175,0.096,0.847,0.057
66,Quora,negative,-0.8555,0.058,0.806,0.136
67,Quora,positive,0.9959,0.212,0.782,0.005
68,Quora,positive,0.6486,0.117,0.883,0.0
69,Quora,positive,0.9416,0.136,0.813,0.05
70,Quora,positive,0.9778,0.138,0.839,0.022
71,Quora,positive,0.9799,0.11,0.859,0.03
72,Quora,positive,0.9798,0.221,0.779,0.0
73,Quora,positive,0.9844,0.176,0.812,0.012
74,Quora,positive,0.5106,0.033,0.967,0.0
75,Quora,positive,0.9297,0.082,0.918,0.0
76,Quora,positive,0.9287,0.282,0.718,0.0
77,Quora,positive,0.7096,0.116,0.884,0.0
78,Quora,positive,0.9045,0.114,0.787,0.099
79,Quora,positive,0.9607,0.218,0.732,0.05
80,Quora,neutral,-0.0147,0.08,0.861,0.058
81,Quora,positive,0.7269,0.182,0.818,0.0
82,Quora,positive,0.8128,0.099,0.863,0.037
83,Quora,positive,0.9319,0.122,0.878,0.0
84,Quora,positive,0.9337,0.241,0.759,0.0
85,Quora,negative,-0.8603,0.105,0.654,0.241
86,Quora,positive,0.9187,0.251,0.727,0.023
87,Quora,negative,-0.5574,0.085,0.778,0.137
88,Quora,positive,0.9702,0.157,0.795,0.048
89,Quora,positive,0.9881,0.119,0.845,0.036
90,Quora,negative,-0.8519,0.038,0.751,0.21
91,Quora,positive,0.946,0.376,0.624,0.0
92,Quora,positive,0.1027,0.079,0.87,0.051
93,Quora,negative,-0.5823,0.046,0.856,0.098
94,Quora,positive,0.296,0.227,0.567,0.206
95,Quora,positive,0.8399,0.207,0.793,0.0
96,Quora,positive,0.596,0.076,0.89,0.034
97,Quora,neutral,0.0,0.0,1.0,0.0
98,Quora,positive,0.908,0.228,0.698,0.074
99,Quora,positive,0.852,0.088,0.903,0.009
100,Quora,negative,-0.3298,0.035,0.916,0.05
101,Quora,positive,0.7311,0.053,0.947,0.0
102,Quora,negative,-0.6921,0.044,0.897,0.059
103,Quora,negative,-0.9109,0.039,0.812,0.148
104,Quora,positive,0.9074,0.095,0.893,0.012
105,Quora,positive,0.8999,0.162,0.838,0.0
106,Quora,positive,0.872,0.258,0.674,0.067
107,Quora,positive,0.8158,0.082,0.903,0.015
108,Quora,positive,0.9818,0.282,0.68,0.039
109,Quora,positive,0.979,0.208,0.759,0.033
110,Quora,positive,0.5334,0.079,0.859,0.062
111,Quora,positive,0.5267,0.058,0.942,0.0
112,Quora,negative,-0.1027,0.038,0.914,0.048
113,Quora,positive,0.9737,0.236,0.746,0.017
114,Quora,positive,0.5859,0.066,0.934,0.0
115,Quora,neutral,0.0498,0.039,0.91,0.05
116,Quora,positive,0.2023,0.024,0.976,0.0
117,Quora,positive,0.2355,0.048,0.907,0.045
118,Quora,negative,-0.9637,0.128,0.729,0.143
119,Quora,positive,0.9623,0.136,0.773,0.091
120,Quora,positive,0.6115,0.15,0.738,0.112
121,Quora,positive,0.9682,0.207,0.694,0.099
122,Quora,negative,-0.7533,0.083,0.804,0.113
123,Quora,positive,0.953,0.263,0.702,0.035
124,Quora,positive,0.4798,0.145,0.714,0.141
125,Quora,negative,-0.8769,0.014,0.881,0.104
126,Quora,negative,-0.8885,0.171,0.591,0.238
127,Quora,negative,-0.617,0.127,0.7,0.172
128,Quora,positive,0.7172,0.126,0.802,0.073
129,Quora,negative,-0.3612,0.173,0.594,0.233
130,Quora,positive,0.7641,0.141,0.801,0.058
131,Quora,negative,-0.4404,0.093,0.778,0.129
132,Quora,positive,0.9594,0.132,0.834,0.033
133,Quora,negative,-0.2263,0.193,0.596,0.211
134,Quora,negative,-0.85,0.111,0.753,0.135
135,Quora,positive,0.886,0.299,0.649,0.052
136,Quora,positive,0.9489,0.13,0.852,0.018
137,Quora,positive,0.2263,0.239,0.569,0.193
138,Quora,positive,0.807,0.217,0.678,0.105
139,Quora,positive,0.8858,0.204,0.764,0.033
140,Quora,positive,0.8123,0.104,0.823,0.073
141,Quora,positive,0.9595,0.148,0.823,0.029
142,Quora,positive,0.8128,0.119,0.859,0.022
143,Quora,positive,0.2552,0.087,0.824,0.089
144,Quora,positive,0.3329,0.087,0.832,0.082
145,Quora,negative,-0.9842,0.076,0.805,0.119
146,Quora,positive,0.9697,0.149,0.822,0.029
147,Quora,positive,0.9442,0.371,0.601,0.028
148,Quora,positive,0.5233,0.105,0.848,0.047
149,Quora,negative,-0.7845,0.112,0.731,0.157
150,Quora,positive,0.6072,0.129,0.825,0.047
151,Quora,positive,0.9969,0.104,0.846,0.05
152,Quora,positive,0.9872,0.106,0.86,0.034
153,Quora,positive,0.6296,0.262,0.545,0.193
154,Quora,positive,0.8222,0.106,0.859,0.035
155,Quora,negative,-0.8779,0.042,0.811,0.147
156,Quora,positive,0.9681,0.16,0.792,0.048
157,Quora,positive,0.366,0.169,0.667,0.165
158,Quora,negative,-0.7949,0.07,0.841,0.089
159,Quora,positive,0.3841,0.151,0.714,0.135
160,Quora,positive,0.9206,0.106,0.869,0.026
161,Quora,positive,0.6098,0.089,0.911,0.0
162,Quora,negative,-0.2498,0.118,0.785,0.097
163,Quora,neutral,0.036,0.115,0.77,0.115
164,Quora,positive,0.81,0.16,0.741,0.098
165,Quora,negative,-0.8985,0.096,0.735,0.169
166,Quora,positive,0.4303,0.158,0.725,0.117
167,Quora,negative,-0.9433,0.084,0.704,0.212
168,Quora,negative,-0.9845,0.084,0.644,0.272
169,Quora,positive,0.837,0.083,0.902,0.014
170,Quora,positive,0.9757,0.114,0.85,0.036
171,Quora,positive,0.8122,0.111,0.847,0.042
172,Quora,positive,0.9939,0.108,0.888,0.004
173,Quora,positive,0.945,0.163,0.837,0.0
174,Quora,positive,0.9901,0.164,0.827,0.009
175,Quora,positive,0.9947,0.234,0.725,0.041
176,Quora,positive,0.7501,0.064,0.907,0.029
177,Quora,positive,0.9889,0.188,0.812,0.0
178,Quora,positive,0.9899,0.158,0.823,0.019
179,Quora,positive,0.9694,0.11,0.852,0.038
180,Quora,positive,0.8882,0.089,0.875,0.036
181,Quora,positive,0.743,0.119,0.881,0.0
182,Quora,positive,0.8442,0.144,0.856,0.0
183,Quora,positive,0.9986,0.154,0.798,0.048
184,Quora,positive,0.9524,0.18,0.789,0.031
185,Quora,positive,0.9637,0.131,0.8,0.068
186,Quora,positive,0.7743,0.088,0.912,0.0
187,Quora,positive,0.7482,0.116,0.853,0.031
188,Quora,positive,0.8118,0.072,0.884,0.044
189,Quora,positive,0.6652,0.075,0.905,0.02
190,Quora,positive,0.5868,0.072,0.913,0.016
191,Quora,positive,0.7717,0.089,0.911,0.0
192,Quora,positive,0.8793,0.136,0.864,0.0
193,Quora,positive,0.9595,0.174,0.826,0.0
194,Quora,positive,0.1867,0.044,0.932,0.024
195,Quora,positive,0.8888,0.056,0.927,0.017
196,Quora,positive,0.3612,0.044,0.956,0.0
197,Quora,positive,0.9832,0.153,0.801,0.046
198,Quora,positive,0.9767,0.177,0.796,0.026
199,Quora,positive,0.999,0.277,0.723,0.0
200,Quora,positive,0.9857,0.193,0.69,0.117
201,Quora,positive,0.9987,0.173,0.774,0.054
202,Quora,positive,0.886,0.289,0.711,0.0
203,Quora,positive,0.8608,0.122,0.878,0.0
204,Quora,positive,0.9709,0.16,0.8,0.04
205,Quora,positive,0.5719,0.068,0.932,0.0
206,Quora,positive,0.9515,0.118,0.851,0.032
207,Quora,positive,0.9195,0.287,0.713,0.0
208,Quora,positive,0.9165,0.1,0.853,0.047
209,Quora,positive,0.8646,0.148,0.791,0.061
210,Quora,negative,-0.8938,0.024,0.805,0.17
211,Quora,positive,0.9814,0.165,0.81,0.025
212,Quora,positive,0.2144,0.04,0.935,0.025
213,Quora,positive,0.8481,0.139,0.861,0.0
214,Quora,positive,0.2194,0.046,0.912,0.042
215,Quora,positive,0.9996,0.119,0.86,0.021
216,Quora,positive,0.9962,0.123,0.867,0.01
217,Quora,positive,0.6807,0.054,0.946,0.0
218,Quora,positive,0.7184,0.163,0.768,0.069
219,Quora,negative,-0.6689,0.028,0.888,0.084
220,Quora,positive,0.4215,0.051,0.949,0.0
221,Quora,positive,0.743,0.13,0.87,0.0
222,Quora,positive,0.3004,0.167,0.685,0.148
223,Quora,positive,0.9497,0.191,0.809,0.0
224,Quora,positive,0.8402,0.103,0.882,0.014
225,Quora,positive,0.5859,0.103,0.842,0.055
226,Quora,negative,-0.7783,0.105,0.663,0.232
227,Quora,negative,-0.9925,0.084,0.786,0.129
228,Quora,negative,-0.992,0.095,0.763,0.142
229,Quora,positive,0.5067,0.178,0.672,0.151
230,Quora,positive,0.765,0.11,0.868,0.022
231,Quora,positive,0.765,0.12,0.856,0.024
232,Quora,positive,0.4019,0.065,0.935,0.0
233,Quora,positive,0.9652,0.149,0.814,0.037
234,Quora,positive,0.6478,0.076,0.924,0.0
235,Quora,positive,0.6478,0.082,0.918,0.0
236,Quora,positive,0.7579,0.152,0.814,0.034
237,Quora,positive,0.7579,0.168,0.794,0.038
238,Quora,negative,-0.7783,0.0,0.862,0.138
239,Quora,negative,-0.7783,0.0,0.85,0.15
240,Quora,positive,0.3182,0.037,0.963,0.0
241,Quora,positive,0.3182,0.041,0.959,0.0
242,Quora,positive,0.3182,0.046,0.954,0.0
243,Quora,negative,-0.4812,0.019,0.925,0.056
244,Quora,positive,0.5994,0.089,0.911,0.0
245,Quora,positive,0.5994,0.1,0.9,0.0
246,Quora,negative,-0.8736,0.106,0.782,0.112
247,Quora,negative,-0.9845,0.019,0.86,0.121
248,Quora,positive,0.8481,0.202,0.72,0.078
249,Quora,positive,0.5926,0.15,0.762,0.088
250,Quora,negative,-0.6625,0.097,0.769,0.134
251,Quora,positive,0.786,0.098,0.875,0.028
252,Quora,negative,-0.8269,0.076,0.825,0.098
253,Quora,positive,0.659,0.058,0.925,0.017
254,Quora,positive,0.2023,0.082,0.849,0.069
255,Quora,positive,0.2023,0.025,0.975,0.0
256,Quora,positive,0.276,0.061,0.873,0.066
257,Quora,negative,-0.9072,0.068,0.817,0.115
258,Quora,negative,-0.5351,0.033,0.882,0.085
259,Quora,positive,0.7643,0.091,0.887,0.022
260,Quora,negative,-0.872,0.044,0.822,0.133
261,Quora,positive,0.8868,0.122,0.878,0.0
262,Quora,negative,-0.8176,0.119,0.732,0.149
263,Quora,positive,0.9484,0.11,0.845,0.045
264,Quora,positive,0.9413,0.175,0.803,0.022
265,Quora,negative,-0.7311,0.051,0.876,0.073
266,Quora,positive,0.9763,0.13,0.79,0.08
267,Quora,neutral,0.0,0.0,1.0,0.0
268,Quora,negative,-0.2651,0.083,0.824,0.094
269,Quora,positive,0.7003,0.108,0.863,0.029
270,Quora,positive,0.9648,0.167,0.816,0.017
271,Quora,positive,0.8403,0.108,0.873,0.018
272,Quora,positive,0.9885,0.182,0.781,0.037
273,Quora,positive,0.9223,0.136,0.845,0.019
274,Quora,positive,0.9776,0.148,0.836,0.016
275,Quora,positive,0.9996,0.227,0.745,0.028
276,Quora,positive,0.9558,0.134,0.779,0.087
277,Quora,positive,0.9493,0.214,0.786,0.0
278,Quora,positive,0.9494,0.151,0.78,0.069
279,Quora,positive,0.8176,0.093,0.907,0.0
280,Quora,positive,0.128,0.06,0.886,0.054
281,Quora,negative,-0.9944,0.017,0.822,0.161
282,Quora,negative,-0.1959,0.02,0.951,0.03
283,Quora,positive,0.8175,0.124,0.825,0.051
284,Quora,positive,0.3818,0.195,0.675,0.13
285,Quora,positive,0.9888,0.249,0.701,0.05
286,Quora,positive,0.3311,0.079,0.834,0.087
287,Quora,negative,-0.651,0.045,0.885,0.07
288,Quora,negative,-0.5445,0.043,0.847,0.11
289,Quora,positive,0.8762,0.145,0.83,0.025
290,Quora,positive,0.2878,0.052,0.921,0.026
291,Quora,positive,0.9013,0.105,0.895,0.0
292,Quora,positive,0.8698,0.212,0.788,0.0
293,Quora,positive,0.9973,0.196,0.735,0.069
294,Quora,positive,0.3751,0.108,0.795,0.097
295,Quora,positive,0.9518,0.094,0.826,0.079
296,Quora,positive,0.9522,0.329,0.639,0.033
297,Quora,positive,0.9313,0.282,0.669,0.049
298,Quora,positive,0.9365,0.119,0.881,0.0
299,Quora,positive,0.9552,0.103,0.836,0.061
300,Quora,positive,0.7184,0.19,0.762,0.048
301,Quora,positive,0.9691,0.227,0.755,0.019
302,Quora,positive,0.9973,0.213,0.774,0.013
303,Quora,positive,0.7621,0.134,0.78,0.086
304,Quora,positive,0.8418,0.092,0.899,0.009
305,Quora,negative,-0.0946,0.054,0.889,0.057
306,Quora,negative,-0.9711,0.079,0.748,0.173
307,Quora,positive,0.9438,0.134,0.866,0.0
308,Quora,positive,0.9538,0.096,0.904,0.0
309,Quora,positive,0.9118,0.079,0.905,0.016
310,Quora,positive,0.8074,0.196,0.804,0.0
311,Quora,positive,0.9096,0.13,0.833,0.037
312,Quora,positive,0.7841,0.089,0.896,0.015
313,Quora,positive,0.9231,0.137,0.863,0.0
314,Quora,positive,0.9933,0.149,0.819,0.033
315,Quora,positive,0.9295,0.352,0.648,0.0
316,Quora,positive,0.8316,0.117,0.858,0.025
317,Quora,positive,0.5859,0.241,0.641,0.118
318,Quora,negative,-0.0611,0.053,0.893,0.055
319,Quora,negative,-0.8606,0.084,0.715,0.201
320,Quora,positive,0.9325,0.194,0.772,0.034
321,Quora,positive,0.9314,0.158,0.842,0.0
322,Quora,positive,0.9719,0.17,0.797,0.033
323,Quora,positive,0.9329,0.127,0.846,0.027
324,Quora,negative,-0.843,0.0,0.743,0.257
325,Quora,positive,0.9657,0.108,0.886,0.006
326,Quora,positive,0.802,0.091,0.909,0.0
327,Quora,positive,0.9482,0.149,0.787,0.064
328,Quora,positive,0.9274,0.164,0.836,0.0
329,Quora,positive,0.9555,0.167,0.803,0.03
330,Quora,positive,0.9892,0.123,0.827,0.05
331,Quora,positive,0.9061,0.254,0.746,0.0
332,Quora,positive,0.7269,0.134,0.866,0.0
333,Quora,positive,0.9776,0.132,0.868,0.0
334,Quora,negative,-0.068,0.144,0.721,0.135
335,Quora,positive,0.9202,0.265,0.663,0.072
336,Quora,positive,0.9926,0.185,0.736,0.078
337,Quora,positive,0.9842,0.206,0.783,0.011
338,Quora,positive,0.9908,0.293,0.707,0.0
339,Quora,positive,0.3068,0.095,0.851,0.054
340,Quora,positive,0.9821,0.205,0.795,0.0
341,Quora,positive,0.5994,0.106,0.894,0.0
342,Quora,negative,-0.8271,0.056,0.814,0.13
343,Quora,positive,0.9331,0.259,0.741,0.0
344,Quora,positive,0.9313,0.168,0.77,0.062
345,Quora,positive,0.9869,0.209,0.777,0.014
346,Quora,positive,0.4588,0.049,0.951,0.0
347,Quora,positive,0.6551,0.099,0.816,0.085
348,Quora,positive,0.8807,0.203,0.797,0.0
349,Quora,positive,0.8981,0.109,0.84,0.051
350,Quora,positive,0.9087,0.086,0.869,0.045
351,Quora,positive,0.79,0.078,0.87,0.053
352,Quora,positive,0.9022,0.116,0.838,0.046
353,Quora,positive,0.3512,0.088,0.856,0.056
354,Quora,positive,0.8681,0.085,0.89,0.025
355,Quora,positive,0.6954,0.097,0.831,0.071
356,Quora,positive,0.9413,0.266,0.734,0.0
357,Quora,positive,0.8109,0.103,0.897,0.0
358,Quora,positive,0.9785,0.191,0.677,0.132
359,Quora,positive,0.937,0.114,0.874,0.011
360,Quora,positive,0.5255,0.07,0.93,0.0
361,Quora,positive,0.5574,0.083,0.917,0.0
362,Quora,positive,0.7351,0.131,0.869,0.0
363,Quora,positive,0.42,0.042,0.926,0.032
364,Quora,positive,0.8745,0.082,0.887,0.031
365,Quora,positive,0.9001,0.134,0.866,0.0
366,Quora,positive,0.914,0.097,0.873,0.031
367,Quora,positive,0.8642,0.053,0.921,0.026
368,Quora,positive,0.9682,0.158,0.802,0.04
369,Quora,positive,0.8503,0.087,0.896,0.017
370,Quora,negative,-0.9918,0.101,0.682,0.217
371,Quora,positive,0.4563,0.069,0.896,0.036
372,Quora,positive,0.8779,0.158,0.842,0.0
373,Quora,positive,0.8658,0.234,0.766,0.0
374,Quora,positive,0.9042,0.189,0.811,0.0
375,Quora,positive,0.8205,0.189,0.811,0.0
376,Quora,positive,0.9843,0.119,0.83,0.051
377,Quora,positive,0.8437,0.124,0.876,0.0
378,Quora,positive,0.9884,0.198,0.791,0.011
379,Quora,positive,0.9962,0.198,0.798,0.004
380,Quora,positive,0.6808,0.086,0.914,0.0
381,Quora,negative,-0.3595,0.034,0.904,0.061
382,Quora,positive,0.9163,0.068,0.898,0.034
383,Quora,positive,0.3987,0.089,0.84,0.071
384,Quora,positive,0.3716,0.057,0.943,0.0
385,Quora,positive,0.9851,0.165,0.788,0.047
386,Quora,positive,0.9833,0.107,0.887,0.007
387,Quora,positive,0.9382,0.29,0.71,0.0
388,Quora,positive,0.6574,0.114,0.836,0.05
389,Quora,positive,0.6997,0.112,0.888,0.0
390,Quora,negative,-0.0516,0.07,0.839,0.091
391,Quora,positive,0.8869,0.135,0.84,0.025
392,Quora,negative,-0.0516,0.041,0.916,0.044
393,Quora,positive,0.9825,0.142,0.849,0.008
394,Quora,positive,0.9946,0.139,0.797,0.064
395,Quora,positive,0.9838,0.196,0.764,0.041
396,Quora,positive,0.9896,0.192,0.755,0.053
397,Quora,positive,0.0772,0.1,0.819,0.082
398,Quora,negative,-0.5994,0.027,0.915,0.058
399,Quora,positive,0.4763,0.087,0.86,0.053
400,Quora,positive,0.9987,0.183,0.766,0.051
401,Quora,negative,-0.4019,0.007,0.976,0.017
402,Quora,positive,0.7757,0.118,0.802,0.08
403,Quora,negative,-0.9707,0.06,0.771,0.169
404,Quora,negative,-0.9118,0.075,0.762,0.163
405,Quora,negative,-0.9927,0.06,0.739,0.202
406,Quora,positive,0.4215,0.053,0.947,0.0
407,Quora,positive,0.8438,0.156,0.785,0.059
408,Quora,positive,0.2363,0.157,0.731,0.112
409,Quora,positive,0.8977,0.108,0.845,0.047
410,Quora,negative,-0.2934,0.054,0.883,0.064
411,Quora,positive,0.0818,0.038,0.915,0.048
412,Quora,positive,0.9725,0.117,0.816,0.067
413,Quora,neutral,-0.0258,0.095,0.831,0.074
414,Quora,positive,0.9777,0.147,0.782,0.07
415,Quora,negative,-0.2161,0.046,0.909,0.045
416,Quora,positive,0.7836,0.213,0.639,0.148
417,Quora,positive,0.9195,0.129,0.83,0.041
418,Quora,negative,-0.7453,0.071,0.801,0.128
419,Quora,positive,0.6428,0.138,0.766,0.097
420,Quora,positive,0.7857,0.206,0.67,0.125
421,Quora,negative,-0.5629,0.079,0.813,0.108
422,Quora,positive,0.6101,0.089,0.846,0.065
423,Quora,positive,0.6705,0.14,0.86,0.0
424,Quora,positive,0.7469,0.088,0.866,0.045
425,Quora,positive,0.9813,0.101,0.855,0.044
426,Quora,positive,0.6041,0.156,0.763,0.082
427,Quora,positive,0.7812,0.132,0.781,0.086
428,Quora,positive,0.6434,0.094,0.878,0.027
429,Quora,positive,0.8271,0.132,0.868,0.0
430,Quora,negative,-0.2002,0.054,0.88,0.066
431,Quora,negative,-0.9077,0.075,0.781,0.144
432,Quora,positive,0.8873,0.094,0.845,0.061
433,Quora,positive,0.9806,0.145,0.812,0.043
434,Quora,negative,-0.9919,0.063,0.818,0.119
435,Quora,negative,-0.891,0.0,0.756,0.244
436,Quora,positive,0.796,0.077,0.903,0.019
437,Quora,positive,0.9875,0.12,0.848,0.032
438,Quora,neutral,0.0,0.0,1.0,0.0
439,Quora,negative,-0.9531,0.103,0.779,0.118
440,Quora,positive,0.9348,0.162,0.838,0.0
441,Quora,negative,-0.3616,0.044,0.873,0.083
442,Quora,negative,-0.6124,0.128,0.706,0.166
443,Quora,neutral,0.0,0.0,1.0,0.0
444,Quora,negative,-0.1531,0.042,0.911,0.047
445,Quora,positive,0.8066,0.175,0.825,0.0
446,Quora,positive,0.5859,0.11,0.89,0.0
447,Quora,positive,0.9881,0.097,0.863,0.04
448,Quora,positive,0.8957,0.143,0.857,0.0
449,Quora,positive,0.9354,0.289,0.711,0.0
450,Quora,positive,0.9697,0.084,0.867,0.049
451,Quora,negative,-0.9627,0.039,0.84,0.121
452,Quora,positive,0.9944,0.247,0.691,0.061
453,Quora,positive,0.9914,0.223,0.756,0.021
454,Quora,positive,0.995,0.147,0.845,0.007
455,Quora,positive,0.807,0.059,0.929,0.012
456,Quora,positive,0.9001,0.114,0.829,0.058
457,Quora,positive,0.8779,0.191,0.768,0.041
458,Quora,positive,0.9144,0.121,0.838,0.041
459,Quora,positive,0.9839,0.155,0.771,0.074
460,Quora,positive,0.9567,0.07,0.914,0.017
461,Quora,positive,0.6608,0.072,0.906,0.022
462,Quora,positive,0.9837,0.16,0.81,0.029
463,Quora,negative,-0.5012,0.074,0.859,0.068
464,Quora,positive,0.9863,0.152,0.831,0.017
465,Quora,positive,0.9893,0.194,0.769,0.037
466,Quora,positive,0.9964,0.176,0.797,0.027
467,Quora,positive,0.8466,0.132,0.868,0.0
468,Quora,positive,0.8481,0.107,0.893,0.0
469,Quora,positive,0.9753,0.156,0.844,0.0
470,Quora,positive,0.5647,0.074,0.875,0.052
471,Quora,positive,0.8725,0.121,0.789,0.089
472,Quora,positive,0.9203,0.214,0.736,0.049
473,Quora,positive,0.3103,0.104,0.815,0.08
474,Quora,negative,-0.2732,0.031,0.911,0.057
475,Quora,positive,0.9231,0.161,0.8,0.039
476,Quora,positive,0.9061,0.195,0.805,0.0
477,Quora,positive,0.9905,0.128,0.843,0.028
478,Quora,positive,0.4588,0.034,0.951,0.014
479,Quora,positive,0.6174,0.104,0.837,0.059
480,Quora,positive,0.9975,0.119,0.86,0.021
481,Quora,positive,0.7626,0.094,0.906,0.0
482,Quora,positive,0.9905,0.153,0.785,0.061
483,Quora,positive,0.9623,0.069,0.931,0.0
484,Quora,neutral,-0.016,0.051,0.892,0.057
485,Quora,positive,0.8382,0.114,0.849,0.037
486,Quora,positive,0.7105,0.051,0.919,0.03
487,Quora,positive,0.7981,0.183,0.787,0.03
488,Quora,positive,0.4874,0.099,0.855,0.045
489,Quora,negative,-0.9889,0.054,0.825,0.121
490,Quora,negative,-0.3091,0.034,0.921,0.045
491,Quora,negative,-0.9295,0.031,0.862,0.106
492,Quora,positive,0.8468,0.198,0.736,0.066
493,Quora,positive,0.6161,0.098,0.881,0.021
494,Quora,positive,0.9919,0.158,0.814,0.028
495,Quora,neutral,0.0307,0.067,0.88,0.053
496,Quora,positive,0.5423,0.089,0.876,0.036
497,Quora,positive,0.6633,0.09,0.91,0.0
498,Quora,negative,-0.3931,0.056,0.872,0.072
499,Quora,positive,0.9713,0.149,0.753,0.098
500,Quora,positive,0.2263,0.056,0.921,0.023
501,Quora,positive,0.6677,0.091,0.881,0.028
502,Quora,positive,0.1154,0.015,0.985,0.0
503,Quora,neutral,0.0414,0.032,0.938,0.03
504,Quora,positive,0.25,0.07,0.908,0.023
505,Quora,positive,0.89,0.136,0.833,0.031
506,Quora,positive,0.9169,0.132,0.868,0.0
507,Quora,positive,0.6705,0.105,0.895,0.0
508,Quora,negative,-0.3052,0.04,0.909,0.051
509,Quora,negative,-0.8447,0.052,0.841,0.107
510,Quora,positive,0.9451,0.124,0.86,0.016
511,Quora,positive,0.9211,0.093,0.898,0.009
512,Quora,positive,0.7317,0.22,0.685,0.095
513,Quora,positive,0.9963,0.149,0.824,0.026
514,Quora,positive,0.9891,0.125,0.835,0.04
515,Quora,positive,0.9766,0.087,0.892,0.022
516,Quora,positive,0.8963,0.063,0.9,0.037
517,Quora,positive,0.9995,0.144,0.825,0.031
518,Quora,positive,0.6597,0.078,0.922,0.0
519,Quora,negative,-0.1809,0.194,0.615,0.191
520,Quora,positive,0.9841,0.174,0.8,0.026
521,Quora,positive,0.9873,0.133,0.837,0.03
522,Quora,positive,0.8681,0.112,0.815,0.074
523,Quora,positive,0.2617,0.026,0.958,0.016
524,Quora,positive,0.9931,0.184,0.804,0.013
525,Quora,positive,0.7528,0.099,0.881,0.021
526,Quora,positive,0.6369,0.057,0.943,0.0
527,Quora,positive,0.9325,0.136,0.864,0.0
528,Quora,positive,0.891,0.094,0.906,0.0
529,Quora,positive,0.4199,0.047,0.953,0.0
530,Quora,positive,0.9081,0.113,0.887,0.0
531,Quora,negative,-0.826,0.121,0.685,0.195
532,Quora,positive,0.9081,0.119,0.881,0.0
533,Quora,negative,-0.8571,0.056,0.858,0.086
534,Quora,negative,-0.9982,0.054,0.739,0.206
535,Quora,negative,-0.8951,0.041,0.905,0.054
536,Quora,negative,-0.982,0.103,0.768,0.129
537,Quora,negative,-0.4569,0.087,0.815,0.098
538,Quora,positive,0.7351,0.173,0.717,0.11
539,Quora,negative,-0.8582,0.062,0.751,0.187
540,Quora,negative,-0.9514,0.068,0.788,0.144
541,Quora,negative,-0.6249,0.112,0.738,0.15
542,Quora,positive,0.7397,0.084,0.857,0.058
543,Quora,positive,0.8361,0.064,0.897,0.039
544,Quora,negative,-0.9961,0.033,0.662,0.305
545,Quora,positive,0.3975,0.076,0.899,0.025
546,Quora,positive,0.9837,0.102,0.888,0.01
547,Quora,positive,0.8151,0.262,0.558,0.18
548,Quora,negative,-0.8271,0.128,0.712,0.161
549,Quora,positive,0.9505,0.143,0.798,0.059
550,Quora,negative,-0.8834,0.027,0.859,0.115
551,Quora,negative,-0.6369,0.092,0.816,0.092
552,Quora,positive,0.877,0.228,0.694,0.078
553,Quora,negative,-0.565,0.098,0.808,0.094
554,Quora,negative,-0.9552,0.031,0.754,0.215
555,Quora,positive,0.865,0.154,0.77,0.076
556,Quora,positive,0.6689,0.153,0.747,0.1
557,Quora,negative,-0.8922,0.129,0.67,0.201
558,Quora,negative,-0.5078,0.155,0.676,0.17
559,Quora,negative,-0.4939,0.0,0.903,0.097
560,Quora,positive,0.7506,0.074,0.903,0.023
561,Quora,positive,0.9032,0.162,0.838,0.0
562,Quora,positive,0.9991,0.212,0.764,0.024
563,Quora,positive,0.9456,0.279,0.647,0.073
564,Quora,positive,0.5423,0.133,0.819,0.048
565,Quora,positive,0.9944,0.196,0.795,0.008
566,Quora,positive,0.9393,0.132,0.832,0.037
567,Quora,positive,0.9937,0.208,0.768,0.025
568,Quora,positive,0.6901,0.115,0.885,0.0
569,Quora,positive,0.6369,0.1,0.9,0.0
570,Quora,positive,0.7528,0.166,0.81,0.023
571,Quora,positive,0.8683,0.187,0.813,0.0
572,Quora,positive,0.9955,0.172,0.822,0.006
573,Quora,positive,0.9088,0.14,0.837,0.022
574,Quora,positive,0.6808,0.068,0.932,0.0
575,Quora,negative,-0.3612,0.0,0.95,0.05
576,Quora,positive,0.1531,0.044,0.922,0.034
577,Quora,positive,0.2023,0.092,0.856,0.052
578,Quora,positive,0.7269,0.092,0.908,0.0
579,Quora,positive,0.952,0.207,0.793,0.0
580,Quora,positive,0.9829,0.339,0.661,0.0
581,Quora,positive,0.5423,0.061,0.939,0.0
582,Quora,positive,0.7717,0.141,0.859,0.0
583,Quora,positive,0.7825,0.198,0.7,0.102
584,Quora,positive,0.8747,0.102,0.898,0.0
585,Quora,positive,0.9517,0.161,0.776,0.063
586,Quora,positive,0.9586,0.174,0.767,0.058
587,Quora,positive,0.9118,0.164,0.836,0.0
588,Quora,positive,0.9852,0.204,0.779,0.017
589,Quora,positive,0.9261,0.071,0.911,0.017
590,Quora,positive,0.4678,0.084,0.867,0.05
591,Quora,positive,0.3612,0.059,0.941,0.0
592,Quora,positive,0.8313,0.084,0.878,0.038
593,Quora,positive,0.8462,0.206,0.73,0.064
594,Quora,positive,0.885,0.219,0.781,0.0
595,Quora,positive,0.9923,0.099,0.864,0.038
596,Quora,positive,0.8316,0.179,0.821,0.0
597,Quora,neutral,-0.0232,0.041,0.916,0.043
598,Quora,positive,0.9992,0.135,0.83,0.035
599,Quora,positive,0.8442,0.112,0.846,0.042
600,Quora,positive,0.982,0.177,0.823,0.0
601,Quora,positive,0.5574,0.038,0.948,0.014
602,Quora,positive,0.4203,0.041,0.939,0.019
603,Quora,positive,0.9797,0.247,0.715,0.038
604,Quora,positive,0.9336,0.102,0.883,0.015
605,Quora,positive,0.9949,0.143,0.844,0.013
606,Quora,positive,0.9287,0.242,0.758,0.0
607,Quora,positive,0.8595,0.188,0.734,0.078
608,Quora,positive,0.7964,0.076,0.924,0.0
609,Quora,positive,0.4215,0.133,0.75,0.117
610,Quora,positive,0.9537,0.155,0.845,0.0
611,Quora,positive,0.8885,0.161,0.793,0.046
612,Quora,positive,0.9268,0.11,0.814,0.076
613,Quora,positive,0.6705,0.091,0.909,0.0
614,Quora,negative,-0.4019,0.076,0.821,0.103
615,Quora,positive,0.7008,0.127,0.779,0.094
616,Quora,positive,0.7491,0.091,0.879,0.029
617,Quora,positive,0.0936,0.099,0.819,0.082
618,Quora,negative,-0.8718,0.107,0.73,0.163
619,Quora,negative,-0.9939,0.074,0.727,0.199
620,Quora,negative,-0.8286,0.083,0.784,0.133
621,Quora,positive,0.9751,0.116,0.853,0.031
622,Quora,negative,-0.7186,0.0,0.885,0.115
623,Quora,positive,0.9568,0.137,0.863,0.0
624,Quora,positive,0.9562,0.216,0.631,0.153
625,Quora,positive,0.8276,0.123,0.809,0.067
626,Quora,negative,-0.6059,0.127,0.695,0.179
627,Quora,positive,0.5514,0.156,0.75,0.094
628,Quora,positive,0.2679,0.043,0.957,0.0
629,Quora,positive,0.802,0.082,0.918,0.0
630,Quora,positive,0.8225,0.201,0.709,0.09
631,Quora,negative,-0.0772,0.116,0.764,0.12
632,Quora,positive,0.7831,0.157,0.738,0.105
633,Quora,negative,-0.1901,0.054,0.881,0.064
634,Quora,negative,-0.5742,0.069,0.847,0.083
635,Quora,positive,0.9785,0.094,0.894,0.012
636,Quora,positive,0.8581,0.12,0.794,0.086
637,Quora,positive,0.8021,0.188,0.66,0.152
638,Quora,positive,0.9625,0.118,0.852,0.029
639,Quora,positive,0.7269,0.122,0.782,0.096
640,Quora,positive,0.4215,0.076,0.894,0.031
641,Quora,positive,0.6868,0.074,0.871,0.055
642,Quora,negative,-0.3559,0.103,0.798,0.099
643,Quora,positive,0.9539,0.163,0.824,0.013
644,Quora,positive,0.296,0.043,0.957,0.0
645,Quora,positive,0.6341,0.125,0.804,0.07
646,Quora,positive,0.9969,0.13,0.832,0.038
647,Quora,positive,0.7417,0.113,0.792,0.095
648,Quora,positive,0.9477,0.098,0.883,0.019
649,Quora,neutral,-0.0139,0.095,0.799,0.106
650,Quora,negative,-0.163,0.028,0.924,0.049
651,Quora,positive,0.967,0.178,0.822,0.0
652,Quora,negative,-0.4215,0.0,0.948,0.052
653,Quora,positive,0.4215,0.068,0.932,0.0
654,Quora,positive,0.8217,0.079,0.867,0.053
655,Quora,positive,0.9954,0.17,0.771,0.06
656,Quora,positive,0.7269,0.101,0.873,0.026
657,Quora,positive,0.9595,0.218,0.782,0.0
658,Quora,positive,0.128,0.102,0.832,0.066
659,Quora,positive,0.9147,0.127,0.873,0.0
660,Quora,positive,0.886,0.121,0.879,0.0
661,Quora,negative,-0.9289,0.094,0.734,0.172
662,Quora,positive,0.9606,0.231,0.701,0.068
663,Quora,positive,0.9746,0.217,0.783,0.0
664,Quora,positive,0.9977,0.132,0.85,0.018
665,Quora,positive,0.4194,0.084,0.891,0.025
666,Quora,positive,0.9509,0.369,0.631,0.0
667,Quora,positive,0.8898,0.114,0.886,0.0
668,Quora,positive,0.8402,0.189,0.811,0.0
669,Quora,positive,0.976,0.206,0.747,0.048
670,Quora,positive,0.9755,0.358,0.642,0.0
671,Quora,positive,0.8846,0.25,0.724,0.026
672,Quora,positive,0.7906,0.138,0.862,0.0
673,Quora,positive,0.4215,0.043,0.957,0.0
674,Quora,positive,0.9062,0.137,0.842,0.021
675,Quora,positive,0.9952,0.306,0.68,0.014
676,Quora,positive,0.9611,0.146,0.819,0.036
677,Quora,positive,0.9939,0.211,0.789,0.0
678,Quora,positive,0.9574,0.293,0.707,0.0
679,Quora,positive,0.4118,0.11,0.836,0.054
680,Quora,positive,0.7624,0.064,0.936,0.0
681,Quora,positive,0.966,0.214,0.786,0.0
682,Quora,negative,-0.5143,0.067,0.857,0.077
683,Quora,positive,0.8631,0.117,0.844,0.039
684,Quora,positive,0.9735,0.096,0.878,0.026
685,Quora,positive,0.4391,0.027,0.973,0.0
686,Quora,positive,0.9844,0.123,0.834,0.043
687,Quora,positive,0.8572,0.151,0.849,0.0
688,Quora,positive,0.7149,0.077,0.885,0.038
689,Quora,positive,0.8599,0.078,0.89,0.031
690,Quora,positive,0.871,0.17,0.707,0.124
691,Quora,positive,0.9345,0.098,0.861,0.041
692,Quora,positive,0.996,0.164,0.821,0.015
693,Quora,negative,-0.5584,0.026,0.915,0.059
694,Quora,positive,0.9942,0.12,0.852,0.028
695,Quora,positive,0.9792,0.094,0.884,0.022
696,Quora,positive,0.9921,0.153,0.797,0.051
697,Quora,positive,0.7264,0.124,0.876,0.0
698,Quora,positive,0.9973,0.172,0.822,0.006
699,Quora,positive,0.5423,0.089,0.911,0.0
700,Quora,positive,0.968,0.113,0.868,0.019
701,Quora,neutral,0.0,0.0,1.0,0.0
702,Quora,positive,0.4423,0.075,0.876,0.049
703,Quora,positive,0.9945,0.117,0.84,0.043
704,Quora,positive,0.8693,0.116,0.876,0.009
705,Quora,positive,0.8519,0.108,0.868,0.024
706,Quora,positive,0.9853,0.094,0.865,0.041
707,Quora,positive,0.9192,0.123,0.877,0.0
708,Quora,positive,0.9942,0.134,0.82,0.046
709,Quora,positive,0.7003,0.059,0.929,0.012
710,Quora,negative,-0.25,0.025,0.929,0.046
711,Quora,positive,0.9726,0.217,0.783,0.0
712,Quora,positive,0.7617,0.181,0.781,0.038
713,Quora,positive,0.937,0.112,0.858,0.029
714,Quora,positive,0.9412,0.253,0.695,0.052
715,Quora,positive,0.6745,0.101,0.826,0.073
716,Quora,positive,0.2996,0.098,0.839,0.064
717,Quora,positive,0.8682,0.19,0.718,0.092
718,Quora,negative,-0.3094,0.094,0.755,0.15
719,Quora,positive,0.6505,0.102,0.799,0.099
720,Quora,positive,0.7248,0.07,0.873,0.057
721,Quora,negative,-0.4118,0.161,0.665,0.174
722,Quora,positive,0.79,0.122,0.781,0.097
723,Quora,negative,-0.6845,0.019,0.853,0.127
724,Quora,positive,0.9987,0.204,0.703,0.093
725,Quora,positive,0.266,0.057,0.89,0.054
726,Quora,positive,0.9844,0.153,0.76,0.088
727,Quora,positive,0.9965,0.238,0.716,0.046
728,Quora,negative,-0.8508,0.058,0.866,0.076
729,Quora,positive,0.9728,0.154,0.808,0.037
730,Quora,positive,0.9842,0.209,0.78,0.011
731,Quora,positive,0.9984,0.269,0.672,0.059
732,Quora,positive,0.9955,0.199,0.74,0.06
733,Quora,positive,0.9509,0.11,0.89,0.0
734,Quora,positive,0.9558,0.144,0.779,0.078
735,Quora,positive,0.497,0.149,0.721,0.13
736,Quora,negative,-0.743,0.045,0.753,0.202
737,Quora,positive,0.2884,0.143,0.744,0.114
738,Quora,positive,0.9771,0.21,0.712,0.077
739,Quora,positive,0.9204,0.154,0.82,0.026
740,Quora,neutral,0.0137,0.034,0.949,0.017
741,Quora,positive,0.9852,0.267,0.699,0.034
742,Quora,positive,0.9876,0.248,0.723,0.029
743,Quora,positive,0.9817,0.221,0.737,0.042
744,Quora,positive,0.9371,0.143,0.841,0.016
745,Quora,positive,0.9019,0.129,0.871,0.0
746,Quora,positive,0.9356,0.212,0.788,0.0
747,Quora,negative,-0.9677,0.036,0.778,0.186
748,Quora,positive,0.7184,0.123,0.839,0.038
749,Quora,negative,-0.3465,0.128,0.735,0.136
750,Quora,positive,0.9955,0.136,0.773,0.091
751,Quora,positive,0.9531,0.194,0.806,0.0
752,Quora,neutral,0.0,0.0,1.0,0.0
753,Quora,negative,-0.7717,0.078,0.734,0.188
754,Quora,positive,0.2182,0.073,0.868,0.058
755,Quora,positive,0.5267,0.097,0.868,0.035
756,Quora,positive,0.8516,0.113,0.887,0.0
757,Quora,negative,-0.2523,0.058,0.86,0.082
758,Quora,negative,-0.9489,0.034,0.9,0.066
759,Quora,negative,-0.808,0.019,0.846,0.135
760,Quora,negative,-0.6705,0.0,0.882,0.118
761,Quora,positive,0.8059,0.086,0.852,0.062
762,Quora,positive,0.6915,0.064,0.913,0.023
763,Quora,positive,0.9794,0.166,0.815,0.019
764,Quora,negative,-0.5775,0.0,0.941,0.059
765,Quora,positive,0.416,0.068,0.932,0.0
766,Quora,positive,0.9571,0.128,0.842,0.03
767,Quora,negative,-0.7435,0.068,0.836,0.096
768,Quora,positive,0.4791,0.08,0.92,0.0
769,Quora,negative,-0.7251,0.027,0.844,0.129
770,Quora,positive,0.2505,0.075,0.878,0.047
771,Quora,positive,0.2746,0.05,0.911,0.04
772,Quora,negative,-0.1479,0.044,0.915,0.041
773,Quora,positive,0.9217,0.109,0.879,0.012
774,Quora,negative,-0.7964,0.05,0.818,0.132
775,Quora,neutral,-0.0258,0.039,0.921,0.041
776,Quora,positive,0.9428,0.096,0.848,0.056
777,Quora,neutral,0.0258,0.059,0.883,0.058
778,Quora,positive,0.851,0.101,0.866,0.033
779,Quora,negative,-0.1779,0.051,0.883,0.066
780,Quora,negative,-0.9894,0.032,0.877,0.09
781,Quora,negative,-0.068,0.035,0.926,0.039
782,Quora,negative,-0.89,0.027,0.895,0.078
783,Quora,negative,-0.5859,0.0,0.906,0.094
784,Quora,positive,0.1779,0.077,0.835,0.088
785,Quora,negative,-0.8967,0.036,0.854,0.11
786,Quora,negative,-0.8625,0.039,0.863,0.098
787,Quora,positive,0.8625,0.194,0.744,0.062
788,Quora,negative,-0.5859,0.0,0.915,0.085
789,Quora,positive,0.8422,0.081,0.864,0.055
790,Quora,negative,-0.4118,0.188,0.633,0.178
791,Quora,positive,0.9873,0.14,0.855,0.005
792,Quora,positive,0.9993,0.164,0.797,0.04
793,Quora,positive,0.9896,0.216,0.784,0.0
794,Quora,positive,0.9963,0.23,0.756,0.014
795,Quora,positive,0.9738,0.13,0.837,0.033
796,Quora,positive,0.9331,0.137,0.794,0.07
797,Quora,positive,0.936,0.081,0.882,0.036
798,Quora,positive,0.9998,0.206,0.759,0.035
799,Quora,positive,0.4369,0.16,0.706,0.134
800,Quora,negative,-0.9874,0.084,0.791,0.126
801,Quora,positive,0.9583,0.089,0.875,0.035
802,Quora,positive,0.9907,0.147,0.84,0.013
803,Quora,positive,0.9854,0.148,0.846,0.006
804,Quora,positive,0.9677,0.176,0.773,0.052
805,Quora,positive,0.9413,0.108,0.878,0.014
806,Quora,positive,0.9952,0.235,0.728,0.037
807,Quora,positive,0.9808,0.205,0.795,0.0
808,Quora,positive,0.4475,0.097,0.85,0.053
809,Quora,positive,0.7531,0.131,0.805,0.064
810,Quora,negative,-0.8205,0.0,0.895,0.105
811,Quora,positive,0.5719,0.107,0.841,0.052
812,Quora,positive,0.8074,0.09,0.91,0.0
813,Quora,positive,0.5994,0.079,0.921,0.0
814,Quora,positive,0.5703,0.137,0.763,0.1
815,Quora,positive,0.9261,0.185,0.788,0.027
816,Quora,positive,0.7096,0.08,0.92,0.0
817,Quora,negative,-0.8345,0.095,0.785,0.121
818,Quora,positive,0.7093,0.115,0.837,0.048
819,Quora,positive,0.4936,0.093,0.828,0.08
820,Quora,negative,-0.7554,0.06,0.863,0.076
821,Quora,neutral,0.0,0.0,1.0,0.0
822,Quora,positive,0.9739,0.084,0.866,0.05
823,Quora,positive,0.7542,0.092,0.835,0.074
824,Quora,positive,0.9881,0.121,0.832,0.048
825,Quora,positive,0.9359,0.151,0.849,0.0
826,Quora,positive,0.6643,0.059,0.915,0.026
827,Quora,positive,0.66,0.08,0.849,0.072
828,Quora,positive,0.9986,0.191,0.766,0.043
829,Quora,positive,0.6478,0.058,0.905,0.037
830,Quora,positive,0.9074,0.161,0.774,0.065
831,Quora,positive,0.6005,0.131,0.77,0.1
832,Quora,positive,0.9985,0.135,0.85,0.014
833,Quora,positive,0.9294,0.134,0.832,0.035
834,Quora,positive,0.9891,0.118,0.862,0.02
835,Quora,positive,0.9978,0.141,0.844,0.014
836,Quora,positive,0.7951,0.028,0.952,0.019
837,Quora,negative,-0.8171,0.056,0.864,0.08
838,Quora,positive,0.9535,0.125,0.793,0.083
839,Quora,positive,0.9442,0.109,0.866,0.025
840,Quora,negative,-0.395,0.08,0.772,0.148
841,Quora,positive,0.9551,0.155,0.773,0.072
842,Quora,negative,-0.9274,0.08,0.809,0.111
843,Quora,positive,0.7269,0.098,0.859,0.043
844,Quora,positive,0.9786,0.14,0.825,0.035
845,Quora,negative,-0.2085,0.098,0.801,0.101
846,Quora,positive,0.9623,0.12,0.827,0.053
847,Quora,positive,0.5168,0.078,0.894,0.029
848,Quora,positive,0.7717,0.09,0.877,0.032
849,Quora,positive,0.4767,0.082,0.87,0.048
850,Quora,positive,0.2263,0.128,0.743,0.129
851,Quora,negative,-0.6597,0.03,0.899,0.071
852,Quora,negative,-0.544,0.066,0.845,0.089
853,Quora,positive,0.1938,0.124,0.758,0.117
854,Quora,negative,-0.3506,0.076,0.813,0.11
855,Quora,positive,0.9983,0.098,0.865,0.037
856,Quora,positive,0.5106,0.046,0.939,0.015
857,Quora,positive,0.6836,0.122,0.771,0.107
858,Quora,positive,0.9916,0.173,0.715,0.112
859,Quora,negative,-0.2213,0.079,0.833,0.089
860,Quora,negative,-0.8035,0.089,0.766,0.145
861,Quora,positive,0.9457,0.165,0.789,0.047
862,Quora,positive,0.9983,0.23,0.755,0.015
863,Quora,positive,0.9742,0.161,0.804,0.035
864,Quora,positive,0.9964,0.203,0.787,0.01
865,Quora,positive,0.9924,0.173,0.822,0.006
866,Quora,negative,-0.7404,0.084,0.791,0.125
867,Quora,positive,0.9954,0.113,0.877,0.011
868,Quora,positive,0.9891,0.136,0.864,0.0
869,Quora,negative,-0.7083,0.084,0.824,0.091
870,Quora,positive,0.9976,0.229,0.761,0.01
871,Quora,positive,0.9274,0.121,0.839,0.04
872,Quora,positive,0.745,0.216,0.647,0.138
873,Quora,positive,0.8519,0.141,0.834,0.025
874,Quora,positive,0.9432,0.154,0.846,0.0
875,Quora,positive,0.9584,0.193,0.807,0.0
876,Quora,positive,0.9612,0.248,0.721,0.031
877,Quora,positive,0.9442,0.356,0.644,0.0
878,Quora,positive,0.9604,0.298,0.673,0.029
879,Quora,positive,0.9661,0.249,0.751,0.0
880,Quora,positive,0.8684,0.14,0.824,0.036
881,Quora,positive,0.8024,0.2,0.745,0.055
882,Quora,negative,-0.7227,0.071,0.828,0.1
883,Quora,positive,0.9831,0.172,0.727,0.1
884,Quora,negative,-0.9442,0.0,0.749,0.251
885,Quora,negative,-0.4215,0.0,0.972,0.028
886,Quora,negative,-0.9598,0.098,0.741,0.161
887,Quora,positive,0.9314,0.105,0.871,0.024
888,Quora,negative,-0.1875,0.05,0.893,0.057
889,Quora,negative,-0.8119,0.101,0.787,0.112
890,Quora,positive,0.5994,0.102,0.861,0.037
891,Quora,negative,-0.9583,0.038,0.791,0.171
892,Quora,positive,0.8419,0.12,0.794,0.086
893,Quora,positive,0.9972,0.187,0.731,0.082
894,Quora,positive,0.982,0.146,0.823,0.031
895,Quora,positive,0.296,0.151,0.712,0.136
896,Quora,positive,0.9022,0.14,0.8,0.06
897,Quora,negative,-0.8979,0.049,0.659,0.292
898,Quora,negative,-0.7985,0.116,0.72,0.164
899,Quora,negative,-0.685,0.075,0.827,0.098
900,Quora,positive,0.9958,0.11,0.828,0.062
901,Quora,negative,-0.8883,0.021,0.872,0.107
902,Quora,positive,0.984,0.254,0.746,0.0
903,Quora,positive,0.9985,0.101,0.872,0.027
904,Quora,negative,-0.8442,0.079,0.686,0.235
905,Quora,positive,0.9387,0.085,0.878,0.036
